{
 "cells": [
  {
   "cell_type": "markdown",
   "id": "8e86be8f-d6e6-4505-873d-8710d7071077",
   "metadata": {},
   "source": [
    "## p388"
   ]
  },
  {
   "cell_type": "code",
   "execution_count": 1,
   "id": "2b208b13-2d80-48e7-8bc3-d2e351bc1e27",
   "metadata": {},
   "outputs": [],
   "source": [
    "import pandas as pd"
   ]
  },
  {
   "cell_type": "code",
   "execution_count": 6,
   "id": "a150595c-f1e7-4baf-8fb6-f17864b7fb4f",
   "metadata": {},
   "outputs": [],
   "source": [
    "df = pd.read_excel('credit_card.xls',header=1).iloc[0:,1:]"
   ]
  },
  {
   "cell_type": "code",
   "execution_count": 7,
   "id": "cee55dd8-b46c-41c4-9b53-d8d303774b3d",
   "metadata": {},
   "outputs": [
    {
     "name": "stdout",
     "output_type": "stream",
     "text": [
      "<class 'pandas.core.frame.DataFrame'>\n",
      "RangeIndex: 30000 entries, 0 to 29999\n",
      "Data columns (total 24 columns):\n",
      " #   Column                      Non-Null Count  Dtype\n",
      "---  ------                      --------------  -----\n",
      " 0   LIMIT_BAL                   30000 non-null  int64\n",
      " 1   SEX                         30000 non-null  int64\n",
      " 2   EDUCATION                   30000 non-null  int64\n",
      " 3   MARRIAGE                    30000 non-null  int64\n",
      " 4   AGE                         30000 non-null  int64\n",
      " 5   PAY_0                       30000 non-null  int64\n",
      " 6   PAY_2                       30000 non-null  int64\n",
      " 7   PAY_3                       30000 non-null  int64\n",
      " 8   PAY_4                       30000 non-null  int64\n",
      " 9   PAY_5                       30000 non-null  int64\n",
      " 10  PAY_6                       30000 non-null  int64\n",
      " 11  BILL_AMT1                   30000 non-null  int64\n",
      " 12  BILL_AMT2                   30000 non-null  int64\n",
      " 13  BILL_AMT3                   30000 non-null  int64\n",
      " 14  BILL_AMT4                   30000 non-null  int64\n",
      " 15  BILL_AMT5                   30000 non-null  int64\n",
      " 16  BILL_AMT6                   30000 non-null  int64\n",
      " 17  PAY_AMT1                    30000 non-null  int64\n",
      " 18  PAY_AMT2                    30000 non-null  int64\n",
      " 19  PAY_AMT3                    30000 non-null  int64\n",
      " 20  PAY_AMT4                    30000 non-null  int64\n",
      " 21  PAY_AMT5                    30000 non-null  int64\n",
      " 22  PAY_AMT6                    30000 non-null  int64\n",
      " 23  default payment next month  30000 non-null  int64\n",
      "dtypes: int64(24)\n",
      "memory usage: 5.5 MB\n"
     ]
    }
   ],
   "source": [
    "df.info()"
   ]
  },
  {
   "cell_type": "code",
   "execution_count": 11,
   "id": "4f77b9a6-d6a2-4d81-8ef0-d0cc768793ae",
   "metadata": {},
   "outputs": [],
   "source": [
    "df.columns = ['LIMIT_BAL', 'SEX', 'EDUCATION', 'MARRIAGE', 'AGE', 'PAY_1', 'PAY_2',\n",
    "       'PAY_3', 'PAY_4', 'PAY_5', 'PAY_6', 'BILL_AMT1', 'BILL_AMT2',\n",
    "       'BILL_AMT3', 'BILL_AMT4', 'BILL_AMT5', 'BILL_AMT6', 'PAY_AMT1',\n",
    "       'PAY_AMT2', 'PAY_AMT3', 'PAY_AMT4', 'PAY_AMT5', 'PAY_AMT6',\n",
    "       'default']"
   ]
  },
  {
   "cell_type": "code",
   "execution_count": 12,
   "id": "08a168d8-2d87-4e70-bc9c-2e5fab04f3b5",
   "metadata": {},
   "outputs": [
    {
     "data": {
      "text/plain": [
       "Index(['LIMIT_BAL', 'SEX', 'EDUCATION', 'MARRIAGE', 'AGE', 'PAY_1', 'PAY_2',\n",
       "       'PAY_3', 'PAY_4', 'PAY_5', 'PAY_6', 'BILL_AMT1', 'BILL_AMT2',\n",
       "       'BILL_AMT3', 'BILL_AMT4', 'BILL_AMT5', 'BILL_AMT6', 'PAY_AMT1',\n",
       "       'PAY_AMT2', 'PAY_AMT3', 'PAY_AMT4', 'PAY_AMT5', 'PAY_AMT6', 'default'],\n",
       "      dtype='object')"
      ]
     },
     "execution_count": 12,
     "metadata": {},
     "output_type": "execute_result"
    }
   ],
   "source": [
    "df.columns"
   ]
  },
  {
   "cell_type": "code",
   "execution_count": 13,
   "id": "ea7495bf-0127-40c1-bbd0-501786f6acc6",
   "metadata": {},
   "outputs": [],
   "source": [
    "y_target = df['default']\n",
    "X_features = df.drop(columns=['default'])"
   ]
  },
  {
   "cell_type": "code",
   "execution_count": 14,
   "id": "c5307fd8-6f31-4e27-b05c-c3148f9d4c6f",
   "metadata": {},
   "outputs": [],
   "source": [
    "import seaborn as sns\n",
    "import matplotlib.pyplot as plt"
   ]
  },
  {
   "cell_type": "code",
   "execution_count": 16,
   "id": "bb4bd444-12e6-4d2b-a2a7-9ddee0bd84d9",
   "metadata": {
    "collapsed": true,
    "jupyter": {
     "outputs_hidden": true
    },
    "tags": []
   },
   "outputs": [
    {
     "data": {
      "text/html": [
       "<div>\n",
       "<style scoped>\n",
       "    .dataframe tbody tr th:only-of-type {\n",
       "        vertical-align: middle;\n",
       "    }\n",
       "\n",
       "    .dataframe tbody tr th {\n",
       "        vertical-align: top;\n",
       "    }\n",
       "\n",
       "    .dataframe thead th {\n",
       "        text-align: right;\n",
       "    }\n",
       "</style>\n",
       "<table border=\"1\" class=\"dataframe\">\n",
       "  <thead>\n",
       "    <tr style=\"text-align: right;\">\n",
       "      <th></th>\n",
       "      <th>LIMIT_BAL</th>\n",
       "      <th>SEX</th>\n",
       "      <th>EDUCATION</th>\n",
       "      <th>MARRIAGE</th>\n",
       "      <th>AGE</th>\n",
       "      <th>PAY_1</th>\n",
       "      <th>PAY_2</th>\n",
       "      <th>PAY_3</th>\n",
       "      <th>PAY_4</th>\n",
       "      <th>PAY_5</th>\n",
       "      <th>...</th>\n",
       "      <th>BILL_AMT3</th>\n",
       "      <th>BILL_AMT4</th>\n",
       "      <th>BILL_AMT5</th>\n",
       "      <th>BILL_AMT6</th>\n",
       "      <th>PAY_AMT1</th>\n",
       "      <th>PAY_AMT2</th>\n",
       "      <th>PAY_AMT3</th>\n",
       "      <th>PAY_AMT4</th>\n",
       "      <th>PAY_AMT5</th>\n",
       "      <th>PAY_AMT6</th>\n",
       "    </tr>\n",
       "  </thead>\n",
       "  <tbody>\n",
       "    <tr>\n",
       "      <th>LIMIT_BAL</th>\n",
       "      <td>1.000000</td>\n",
       "      <td>0.024755</td>\n",
       "      <td>-0.219161</td>\n",
       "      <td>-0.108139</td>\n",
       "      <td>0.144713</td>\n",
       "      <td>-0.271214</td>\n",
       "      <td>-0.296382</td>\n",
       "      <td>-0.286123</td>\n",
       "      <td>-0.267460</td>\n",
       "      <td>-0.249411</td>\n",
       "      <td>...</td>\n",
       "      <td>0.283236</td>\n",
       "      <td>0.293988</td>\n",
       "      <td>0.295562</td>\n",
       "      <td>0.290389</td>\n",
       "      <td>0.195236</td>\n",
       "      <td>0.178408</td>\n",
       "      <td>0.210167</td>\n",
       "      <td>0.203242</td>\n",
       "      <td>0.217202</td>\n",
       "      <td>0.219595</td>\n",
       "    </tr>\n",
       "    <tr>\n",
       "      <th>SEX</th>\n",
       "      <td>0.024755</td>\n",
       "      <td>1.000000</td>\n",
       "      <td>0.014232</td>\n",
       "      <td>-0.031389</td>\n",
       "      <td>-0.090874</td>\n",
       "      <td>-0.057643</td>\n",
       "      <td>-0.070771</td>\n",
       "      <td>-0.066096</td>\n",
       "      <td>-0.060173</td>\n",
       "      <td>-0.055064</td>\n",
       "      <td>...</td>\n",
       "      <td>-0.024563</td>\n",
       "      <td>-0.021880</td>\n",
       "      <td>-0.017005</td>\n",
       "      <td>-0.016733</td>\n",
       "      <td>-0.000242</td>\n",
       "      <td>-0.001391</td>\n",
       "      <td>-0.008597</td>\n",
       "      <td>-0.002229</td>\n",
       "      <td>-0.001667</td>\n",
       "      <td>-0.002766</td>\n",
       "    </tr>\n",
       "    <tr>\n",
       "      <th>EDUCATION</th>\n",
       "      <td>-0.219161</td>\n",
       "      <td>0.014232</td>\n",
       "      <td>1.000000</td>\n",
       "      <td>-0.143464</td>\n",
       "      <td>0.175061</td>\n",
       "      <td>0.105364</td>\n",
       "      <td>0.121566</td>\n",
       "      <td>0.114025</td>\n",
       "      <td>0.108793</td>\n",
       "      <td>0.097520</td>\n",
       "      <td>...</td>\n",
       "      <td>0.013002</td>\n",
       "      <td>-0.000451</td>\n",
       "      <td>-0.007567</td>\n",
       "      <td>-0.009099</td>\n",
       "      <td>-0.037456</td>\n",
       "      <td>-0.030038</td>\n",
       "      <td>-0.039943</td>\n",
       "      <td>-0.038218</td>\n",
       "      <td>-0.040358</td>\n",
       "      <td>-0.037200</td>\n",
       "    </tr>\n",
       "    <tr>\n",
       "      <th>MARRIAGE</th>\n",
       "      <td>-0.108139</td>\n",
       "      <td>-0.031389</td>\n",
       "      <td>-0.143464</td>\n",
       "      <td>1.000000</td>\n",
       "      <td>-0.414170</td>\n",
       "      <td>0.019917</td>\n",
       "      <td>0.024199</td>\n",
       "      <td>0.032688</td>\n",
       "      <td>0.033122</td>\n",
       "      <td>0.035629</td>\n",
       "      <td>...</td>\n",
       "      <td>-0.024909</td>\n",
       "      <td>-0.023344</td>\n",
       "      <td>-0.025393</td>\n",
       "      <td>-0.021207</td>\n",
       "      <td>-0.005979</td>\n",
       "      <td>-0.008093</td>\n",
       "      <td>-0.003541</td>\n",
       "      <td>-0.012659</td>\n",
       "      <td>-0.001205</td>\n",
       "      <td>-0.006641</td>\n",
       "    </tr>\n",
       "    <tr>\n",
       "      <th>AGE</th>\n",
       "      <td>0.144713</td>\n",
       "      <td>-0.090874</td>\n",
       "      <td>0.175061</td>\n",
       "      <td>-0.414170</td>\n",
       "      <td>1.000000</td>\n",
       "      <td>-0.039447</td>\n",
       "      <td>-0.050148</td>\n",
       "      <td>-0.053048</td>\n",
       "      <td>-0.049722</td>\n",
       "      <td>-0.053826</td>\n",
       "      <td>...</td>\n",
       "      <td>0.053710</td>\n",
       "      <td>0.051353</td>\n",
       "      <td>0.049345</td>\n",
       "      <td>0.047613</td>\n",
       "      <td>0.026147</td>\n",
       "      <td>0.021785</td>\n",
       "      <td>0.029247</td>\n",
       "      <td>0.021379</td>\n",
       "      <td>0.022850</td>\n",
       "      <td>0.019478</td>\n",
       "    </tr>\n",
       "    <tr>\n",
       "      <th>PAY_1</th>\n",
       "      <td>-0.271214</td>\n",
       "      <td>-0.057643</td>\n",
       "      <td>0.105364</td>\n",
       "      <td>0.019917</td>\n",
       "      <td>-0.039447</td>\n",
       "      <td>1.000000</td>\n",
       "      <td>0.672164</td>\n",
       "      <td>0.574245</td>\n",
       "      <td>0.538841</td>\n",
       "      <td>0.509426</td>\n",
       "      <td>...</td>\n",
       "      <td>0.179785</td>\n",
       "      <td>0.179125</td>\n",
       "      <td>0.180635</td>\n",
       "      <td>0.176980</td>\n",
       "      <td>-0.079269</td>\n",
       "      <td>-0.070101</td>\n",
       "      <td>-0.070561</td>\n",
       "      <td>-0.064005</td>\n",
       "      <td>-0.058190</td>\n",
       "      <td>-0.058673</td>\n",
       "    </tr>\n",
       "    <tr>\n",
       "      <th>PAY_2</th>\n",
       "      <td>-0.296382</td>\n",
       "      <td>-0.070771</td>\n",
       "      <td>0.121566</td>\n",
       "      <td>0.024199</td>\n",
       "      <td>-0.050148</td>\n",
       "      <td>0.672164</td>\n",
       "      <td>1.000000</td>\n",
       "      <td>0.766552</td>\n",
       "      <td>0.662067</td>\n",
       "      <td>0.622780</td>\n",
       "      <td>...</td>\n",
       "      <td>0.224146</td>\n",
       "      <td>0.222237</td>\n",
       "      <td>0.221348</td>\n",
       "      <td>0.219403</td>\n",
       "      <td>-0.080701</td>\n",
       "      <td>-0.058990</td>\n",
       "      <td>-0.055901</td>\n",
       "      <td>-0.046858</td>\n",
       "      <td>-0.037093</td>\n",
       "      <td>-0.036500</td>\n",
       "    </tr>\n",
       "    <tr>\n",
       "      <th>PAY_3</th>\n",
       "      <td>-0.286123</td>\n",
       "      <td>-0.066096</td>\n",
       "      <td>0.114025</td>\n",
       "      <td>0.032688</td>\n",
       "      <td>-0.053048</td>\n",
       "      <td>0.574245</td>\n",
       "      <td>0.766552</td>\n",
       "      <td>1.000000</td>\n",
       "      <td>0.777359</td>\n",
       "      <td>0.686775</td>\n",
       "      <td>...</td>\n",
       "      <td>0.227494</td>\n",
       "      <td>0.227202</td>\n",
       "      <td>0.225145</td>\n",
       "      <td>0.222327</td>\n",
       "      <td>0.001295</td>\n",
       "      <td>-0.066793</td>\n",
       "      <td>-0.053311</td>\n",
       "      <td>-0.046067</td>\n",
       "      <td>-0.035863</td>\n",
       "      <td>-0.035861</td>\n",
       "    </tr>\n",
       "    <tr>\n",
       "      <th>PAY_4</th>\n",
       "      <td>-0.267460</td>\n",
       "      <td>-0.060173</td>\n",
       "      <td>0.108793</td>\n",
       "      <td>0.033122</td>\n",
       "      <td>-0.049722</td>\n",
       "      <td>0.538841</td>\n",
       "      <td>0.662067</td>\n",
       "      <td>0.777359</td>\n",
       "      <td>1.000000</td>\n",
       "      <td>0.819835</td>\n",
       "      <td>...</td>\n",
       "      <td>0.244983</td>\n",
       "      <td>0.245917</td>\n",
       "      <td>0.242902</td>\n",
       "      <td>0.239154</td>\n",
       "      <td>-0.009362</td>\n",
       "      <td>-0.001944</td>\n",
       "      <td>-0.069235</td>\n",
       "      <td>-0.043461</td>\n",
       "      <td>-0.033590</td>\n",
       "      <td>-0.026565</td>\n",
       "    </tr>\n",
       "    <tr>\n",
       "      <th>PAY_5</th>\n",
       "      <td>-0.249411</td>\n",
       "      <td>-0.055064</td>\n",
       "      <td>0.097520</td>\n",
       "      <td>0.035629</td>\n",
       "      <td>-0.053826</td>\n",
       "      <td>0.509426</td>\n",
       "      <td>0.622780</td>\n",
       "      <td>0.686775</td>\n",
       "      <td>0.819835</td>\n",
       "      <td>1.000000</td>\n",
       "      <td>...</td>\n",
       "      <td>0.243335</td>\n",
       "      <td>0.271915</td>\n",
       "      <td>0.269783</td>\n",
       "      <td>0.262509</td>\n",
       "      <td>-0.006089</td>\n",
       "      <td>-0.003191</td>\n",
       "      <td>0.009062</td>\n",
       "      <td>-0.058299</td>\n",
       "      <td>-0.033337</td>\n",
       "      <td>-0.023027</td>\n",
       "    </tr>\n",
       "    <tr>\n",
       "      <th>PAY_6</th>\n",
       "      <td>-0.235195</td>\n",
       "      <td>-0.044008</td>\n",
       "      <td>0.082316</td>\n",
       "      <td>0.034345</td>\n",
       "      <td>-0.048773</td>\n",
       "      <td>0.474553</td>\n",
       "      <td>0.575501</td>\n",
       "      <td>0.632684</td>\n",
       "      <td>0.716449</td>\n",
       "      <td>0.816900</td>\n",
       "      <td>...</td>\n",
       "      <td>0.241181</td>\n",
       "      <td>0.266356</td>\n",
       "      <td>0.290894</td>\n",
       "      <td>0.285091</td>\n",
       "      <td>-0.001496</td>\n",
       "      <td>-0.005223</td>\n",
       "      <td>0.005834</td>\n",
       "      <td>0.019018</td>\n",
       "      <td>-0.046434</td>\n",
       "      <td>-0.025299</td>\n",
       "    </tr>\n",
       "    <tr>\n",
       "      <th>BILL_AMT1</th>\n",
       "      <td>0.285430</td>\n",
       "      <td>-0.033642</td>\n",
       "      <td>0.023581</td>\n",
       "      <td>-0.023472</td>\n",
       "      <td>0.056239</td>\n",
       "      <td>0.187068</td>\n",
       "      <td>0.234887</td>\n",
       "      <td>0.208473</td>\n",
       "      <td>0.202812</td>\n",
       "      <td>0.206684</td>\n",
       "      <td>...</td>\n",
       "      <td>0.892279</td>\n",
       "      <td>0.860272</td>\n",
       "      <td>0.829779</td>\n",
       "      <td>0.802650</td>\n",
       "      <td>0.140277</td>\n",
       "      <td>0.099355</td>\n",
       "      <td>0.156887</td>\n",
       "      <td>0.158303</td>\n",
       "      <td>0.167026</td>\n",
       "      <td>0.179341</td>\n",
       "    </tr>\n",
       "    <tr>\n",
       "      <th>BILL_AMT2</th>\n",
       "      <td>0.278314</td>\n",
       "      <td>-0.031183</td>\n",
       "      <td>0.018749</td>\n",
       "      <td>-0.021602</td>\n",
       "      <td>0.054283</td>\n",
       "      <td>0.189859</td>\n",
       "      <td>0.235257</td>\n",
       "      <td>0.237295</td>\n",
       "      <td>0.225816</td>\n",
       "      <td>0.226913</td>\n",
       "      <td>...</td>\n",
       "      <td>0.928326</td>\n",
       "      <td>0.892482</td>\n",
       "      <td>0.859778</td>\n",
       "      <td>0.831594</td>\n",
       "      <td>0.280365</td>\n",
       "      <td>0.100851</td>\n",
       "      <td>0.150718</td>\n",
       "      <td>0.147398</td>\n",
       "      <td>0.157957</td>\n",
       "      <td>0.174256</td>\n",
       "    </tr>\n",
       "    <tr>\n",
       "      <th>BILL_AMT3</th>\n",
       "      <td>0.283236</td>\n",
       "      <td>-0.024563</td>\n",
       "      <td>0.013002</td>\n",
       "      <td>-0.024909</td>\n",
       "      <td>0.053710</td>\n",
       "      <td>0.179785</td>\n",
       "      <td>0.224146</td>\n",
       "      <td>0.227494</td>\n",
       "      <td>0.244983</td>\n",
       "      <td>0.243335</td>\n",
       "      <td>...</td>\n",
       "      <td>1.000000</td>\n",
       "      <td>0.923969</td>\n",
       "      <td>0.883910</td>\n",
       "      <td>0.853320</td>\n",
       "      <td>0.244335</td>\n",
       "      <td>0.316936</td>\n",
       "      <td>0.130011</td>\n",
       "      <td>0.143405</td>\n",
       "      <td>0.179712</td>\n",
       "      <td>0.182326</td>\n",
       "    </tr>\n",
       "    <tr>\n",
       "      <th>BILL_AMT4</th>\n",
       "      <td>0.293988</td>\n",
       "      <td>-0.021880</td>\n",
       "      <td>-0.000451</td>\n",
       "      <td>-0.023344</td>\n",
       "      <td>0.051353</td>\n",
       "      <td>0.179125</td>\n",
       "      <td>0.222237</td>\n",
       "      <td>0.227202</td>\n",
       "      <td>0.245917</td>\n",
       "      <td>0.271915</td>\n",
       "      <td>...</td>\n",
       "      <td>0.923969</td>\n",
       "      <td>1.000000</td>\n",
       "      <td>0.940134</td>\n",
       "      <td>0.900941</td>\n",
       "      <td>0.233012</td>\n",
       "      <td>0.207564</td>\n",
       "      <td>0.300023</td>\n",
       "      <td>0.130191</td>\n",
       "      <td>0.160433</td>\n",
       "      <td>0.177637</td>\n",
       "    </tr>\n",
       "    <tr>\n",
       "      <th>BILL_AMT5</th>\n",
       "      <td>0.295562</td>\n",
       "      <td>-0.017005</td>\n",
       "      <td>-0.007567</td>\n",
       "      <td>-0.025393</td>\n",
       "      <td>0.049345</td>\n",
       "      <td>0.180635</td>\n",
       "      <td>0.221348</td>\n",
       "      <td>0.225145</td>\n",
       "      <td>0.242902</td>\n",
       "      <td>0.269783</td>\n",
       "      <td>...</td>\n",
       "      <td>0.883910</td>\n",
       "      <td>0.940134</td>\n",
       "      <td>1.000000</td>\n",
       "      <td>0.946197</td>\n",
       "      <td>0.217031</td>\n",
       "      <td>0.181246</td>\n",
       "      <td>0.252305</td>\n",
       "      <td>0.293118</td>\n",
       "      <td>0.141574</td>\n",
       "      <td>0.164184</td>\n",
       "    </tr>\n",
       "    <tr>\n",
       "      <th>BILL_AMT6</th>\n",
       "      <td>0.290389</td>\n",
       "      <td>-0.016733</td>\n",
       "      <td>-0.009099</td>\n",
       "      <td>-0.021207</td>\n",
       "      <td>0.047613</td>\n",
       "      <td>0.176980</td>\n",
       "      <td>0.219403</td>\n",
       "      <td>0.222327</td>\n",
       "      <td>0.239154</td>\n",
       "      <td>0.262509</td>\n",
       "      <td>...</td>\n",
       "      <td>0.853320</td>\n",
       "      <td>0.900941</td>\n",
       "      <td>0.946197</td>\n",
       "      <td>1.000000</td>\n",
       "      <td>0.199965</td>\n",
       "      <td>0.172663</td>\n",
       "      <td>0.233770</td>\n",
       "      <td>0.250237</td>\n",
       "      <td>0.307729</td>\n",
       "      <td>0.115494</td>\n",
       "    </tr>\n",
       "    <tr>\n",
       "      <th>PAY_AMT1</th>\n",
       "      <td>0.195236</td>\n",
       "      <td>-0.000242</td>\n",
       "      <td>-0.037456</td>\n",
       "      <td>-0.005979</td>\n",
       "      <td>0.026147</td>\n",
       "      <td>-0.079269</td>\n",
       "      <td>-0.080701</td>\n",
       "      <td>0.001295</td>\n",
       "      <td>-0.009362</td>\n",
       "      <td>-0.006089</td>\n",
       "      <td>...</td>\n",
       "      <td>0.244335</td>\n",
       "      <td>0.233012</td>\n",
       "      <td>0.217031</td>\n",
       "      <td>0.199965</td>\n",
       "      <td>1.000000</td>\n",
       "      <td>0.285576</td>\n",
       "      <td>0.252191</td>\n",
       "      <td>0.199558</td>\n",
       "      <td>0.148459</td>\n",
       "      <td>0.185735</td>\n",
       "    </tr>\n",
       "    <tr>\n",
       "      <th>PAY_AMT2</th>\n",
       "      <td>0.178408</td>\n",
       "      <td>-0.001391</td>\n",
       "      <td>-0.030038</td>\n",
       "      <td>-0.008093</td>\n",
       "      <td>0.021785</td>\n",
       "      <td>-0.070101</td>\n",
       "      <td>-0.058990</td>\n",
       "      <td>-0.066793</td>\n",
       "      <td>-0.001944</td>\n",
       "      <td>-0.003191</td>\n",
       "      <td>...</td>\n",
       "      <td>0.316936</td>\n",
       "      <td>0.207564</td>\n",
       "      <td>0.181246</td>\n",
       "      <td>0.172663</td>\n",
       "      <td>0.285576</td>\n",
       "      <td>1.000000</td>\n",
       "      <td>0.244770</td>\n",
       "      <td>0.180107</td>\n",
       "      <td>0.180908</td>\n",
       "      <td>0.157634</td>\n",
       "    </tr>\n",
       "    <tr>\n",
       "      <th>PAY_AMT3</th>\n",
       "      <td>0.210167</td>\n",
       "      <td>-0.008597</td>\n",
       "      <td>-0.039943</td>\n",
       "      <td>-0.003541</td>\n",
       "      <td>0.029247</td>\n",
       "      <td>-0.070561</td>\n",
       "      <td>-0.055901</td>\n",
       "      <td>-0.053311</td>\n",
       "      <td>-0.069235</td>\n",
       "      <td>0.009062</td>\n",
       "      <td>...</td>\n",
       "      <td>0.130011</td>\n",
       "      <td>0.300023</td>\n",
       "      <td>0.252305</td>\n",
       "      <td>0.233770</td>\n",
       "      <td>0.252191</td>\n",
       "      <td>0.244770</td>\n",
       "      <td>1.000000</td>\n",
       "      <td>0.216325</td>\n",
       "      <td>0.159214</td>\n",
       "      <td>0.162740</td>\n",
       "    </tr>\n",
       "    <tr>\n",
       "      <th>PAY_AMT4</th>\n",
       "      <td>0.203242</td>\n",
       "      <td>-0.002229</td>\n",
       "      <td>-0.038218</td>\n",
       "      <td>-0.012659</td>\n",
       "      <td>0.021379</td>\n",
       "      <td>-0.064005</td>\n",
       "      <td>-0.046858</td>\n",
       "      <td>-0.046067</td>\n",
       "      <td>-0.043461</td>\n",
       "      <td>-0.058299</td>\n",
       "      <td>...</td>\n",
       "      <td>0.143405</td>\n",
       "      <td>0.130191</td>\n",
       "      <td>0.293118</td>\n",
       "      <td>0.250237</td>\n",
       "      <td>0.199558</td>\n",
       "      <td>0.180107</td>\n",
       "      <td>0.216325</td>\n",
       "      <td>1.000000</td>\n",
       "      <td>0.151830</td>\n",
       "      <td>0.157834</td>\n",
       "    </tr>\n",
       "    <tr>\n",
       "      <th>PAY_AMT5</th>\n",
       "      <td>0.217202</td>\n",
       "      <td>-0.001667</td>\n",
       "      <td>-0.040358</td>\n",
       "      <td>-0.001205</td>\n",
       "      <td>0.022850</td>\n",
       "      <td>-0.058190</td>\n",
       "      <td>-0.037093</td>\n",
       "      <td>-0.035863</td>\n",
       "      <td>-0.033590</td>\n",
       "      <td>-0.033337</td>\n",
       "      <td>...</td>\n",
       "      <td>0.179712</td>\n",
       "      <td>0.160433</td>\n",
       "      <td>0.141574</td>\n",
       "      <td>0.307729</td>\n",
       "      <td>0.148459</td>\n",
       "      <td>0.180908</td>\n",
       "      <td>0.159214</td>\n",
       "      <td>0.151830</td>\n",
       "      <td>1.000000</td>\n",
       "      <td>0.154896</td>\n",
       "    </tr>\n",
       "    <tr>\n",
       "      <th>PAY_AMT6</th>\n",
       "      <td>0.219595</td>\n",
       "      <td>-0.002766</td>\n",
       "      <td>-0.037200</td>\n",
       "      <td>-0.006641</td>\n",
       "      <td>0.019478</td>\n",
       "      <td>-0.058673</td>\n",
       "      <td>-0.036500</td>\n",
       "      <td>-0.035861</td>\n",
       "      <td>-0.026565</td>\n",
       "      <td>-0.023027</td>\n",
       "      <td>...</td>\n",
       "      <td>0.182326</td>\n",
       "      <td>0.177637</td>\n",
       "      <td>0.164184</td>\n",
       "      <td>0.115494</td>\n",
       "      <td>0.185735</td>\n",
       "      <td>0.157634</td>\n",
       "      <td>0.162740</td>\n",
       "      <td>0.157834</td>\n",
       "      <td>0.154896</td>\n",
       "      <td>1.000000</td>\n",
       "    </tr>\n",
       "  </tbody>\n",
       "</table>\n",
       "<p>23 rows × 23 columns</p>\n",
       "</div>"
      ],
      "text/plain": [
       "           LIMIT_BAL       SEX  EDUCATION  MARRIAGE       AGE     PAY_1  \\\n",
       "LIMIT_BAL   1.000000  0.024755  -0.219161 -0.108139  0.144713 -0.271214   \n",
       "SEX         0.024755  1.000000   0.014232 -0.031389 -0.090874 -0.057643   \n",
       "EDUCATION  -0.219161  0.014232   1.000000 -0.143464  0.175061  0.105364   \n",
       "MARRIAGE   -0.108139 -0.031389  -0.143464  1.000000 -0.414170  0.019917   \n",
       "AGE         0.144713 -0.090874   0.175061 -0.414170  1.000000 -0.039447   \n",
       "PAY_1      -0.271214 -0.057643   0.105364  0.019917 -0.039447  1.000000   \n",
       "PAY_2      -0.296382 -0.070771   0.121566  0.024199 -0.050148  0.672164   \n",
       "PAY_3      -0.286123 -0.066096   0.114025  0.032688 -0.053048  0.574245   \n",
       "PAY_4      -0.267460 -0.060173   0.108793  0.033122 -0.049722  0.538841   \n",
       "PAY_5      -0.249411 -0.055064   0.097520  0.035629 -0.053826  0.509426   \n",
       "PAY_6      -0.235195 -0.044008   0.082316  0.034345 -0.048773  0.474553   \n",
       "BILL_AMT1   0.285430 -0.033642   0.023581 -0.023472  0.056239  0.187068   \n",
       "BILL_AMT2   0.278314 -0.031183   0.018749 -0.021602  0.054283  0.189859   \n",
       "BILL_AMT3   0.283236 -0.024563   0.013002 -0.024909  0.053710  0.179785   \n",
       "BILL_AMT4   0.293988 -0.021880  -0.000451 -0.023344  0.051353  0.179125   \n",
       "BILL_AMT5   0.295562 -0.017005  -0.007567 -0.025393  0.049345  0.180635   \n",
       "BILL_AMT6   0.290389 -0.016733  -0.009099 -0.021207  0.047613  0.176980   \n",
       "PAY_AMT1    0.195236 -0.000242  -0.037456 -0.005979  0.026147 -0.079269   \n",
       "PAY_AMT2    0.178408 -0.001391  -0.030038 -0.008093  0.021785 -0.070101   \n",
       "PAY_AMT3    0.210167 -0.008597  -0.039943 -0.003541  0.029247 -0.070561   \n",
       "PAY_AMT4    0.203242 -0.002229  -0.038218 -0.012659  0.021379 -0.064005   \n",
       "PAY_AMT5    0.217202 -0.001667  -0.040358 -0.001205  0.022850 -0.058190   \n",
       "PAY_AMT6    0.219595 -0.002766  -0.037200 -0.006641  0.019478 -0.058673   \n",
       "\n",
       "              PAY_2     PAY_3     PAY_4     PAY_5  ...  BILL_AMT3  BILL_AMT4  \\\n",
       "LIMIT_BAL -0.296382 -0.286123 -0.267460 -0.249411  ...   0.283236   0.293988   \n",
       "SEX       -0.070771 -0.066096 -0.060173 -0.055064  ...  -0.024563  -0.021880   \n",
       "EDUCATION  0.121566  0.114025  0.108793  0.097520  ...   0.013002  -0.000451   \n",
       "MARRIAGE   0.024199  0.032688  0.033122  0.035629  ...  -0.024909  -0.023344   \n",
       "AGE       -0.050148 -0.053048 -0.049722 -0.053826  ...   0.053710   0.051353   \n",
       "PAY_1      0.672164  0.574245  0.538841  0.509426  ...   0.179785   0.179125   \n",
       "PAY_2      1.000000  0.766552  0.662067  0.622780  ...   0.224146   0.222237   \n",
       "PAY_3      0.766552  1.000000  0.777359  0.686775  ...   0.227494   0.227202   \n",
       "PAY_4      0.662067  0.777359  1.000000  0.819835  ...   0.244983   0.245917   \n",
       "PAY_5      0.622780  0.686775  0.819835  1.000000  ...   0.243335   0.271915   \n",
       "PAY_6      0.575501  0.632684  0.716449  0.816900  ...   0.241181   0.266356   \n",
       "BILL_AMT1  0.234887  0.208473  0.202812  0.206684  ...   0.892279   0.860272   \n",
       "BILL_AMT2  0.235257  0.237295  0.225816  0.226913  ...   0.928326   0.892482   \n",
       "BILL_AMT3  0.224146  0.227494  0.244983  0.243335  ...   1.000000   0.923969   \n",
       "BILL_AMT4  0.222237  0.227202  0.245917  0.271915  ...   0.923969   1.000000   \n",
       "BILL_AMT5  0.221348  0.225145  0.242902  0.269783  ...   0.883910   0.940134   \n",
       "BILL_AMT6  0.219403  0.222327  0.239154  0.262509  ...   0.853320   0.900941   \n",
       "PAY_AMT1  -0.080701  0.001295 -0.009362 -0.006089  ...   0.244335   0.233012   \n",
       "PAY_AMT2  -0.058990 -0.066793 -0.001944 -0.003191  ...   0.316936   0.207564   \n",
       "PAY_AMT3  -0.055901 -0.053311 -0.069235  0.009062  ...   0.130011   0.300023   \n",
       "PAY_AMT4  -0.046858 -0.046067 -0.043461 -0.058299  ...   0.143405   0.130191   \n",
       "PAY_AMT5  -0.037093 -0.035863 -0.033590 -0.033337  ...   0.179712   0.160433   \n",
       "PAY_AMT6  -0.036500 -0.035861 -0.026565 -0.023027  ...   0.182326   0.177637   \n",
       "\n",
       "           BILL_AMT5  BILL_AMT6  PAY_AMT1  PAY_AMT2  PAY_AMT3  PAY_AMT4  \\\n",
       "LIMIT_BAL   0.295562   0.290389  0.195236  0.178408  0.210167  0.203242   \n",
       "SEX        -0.017005  -0.016733 -0.000242 -0.001391 -0.008597 -0.002229   \n",
       "EDUCATION  -0.007567  -0.009099 -0.037456 -0.030038 -0.039943 -0.038218   \n",
       "MARRIAGE   -0.025393  -0.021207 -0.005979 -0.008093 -0.003541 -0.012659   \n",
       "AGE         0.049345   0.047613  0.026147  0.021785  0.029247  0.021379   \n",
       "PAY_1       0.180635   0.176980 -0.079269 -0.070101 -0.070561 -0.064005   \n",
       "PAY_2       0.221348   0.219403 -0.080701 -0.058990 -0.055901 -0.046858   \n",
       "PAY_3       0.225145   0.222327  0.001295 -0.066793 -0.053311 -0.046067   \n",
       "PAY_4       0.242902   0.239154 -0.009362 -0.001944 -0.069235 -0.043461   \n",
       "PAY_5       0.269783   0.262509 -0.006089 -0.003191  0.009062 -0.058299   \n",
       "PAY_6       0.290894   0.285091 -0.001496 -0.005223  0.005834  0.019018   \n",
       "BILL_AMT1   0.829779   0.802650  0.140277  0.099355  0.156887  0.158303   \n",
       "BILL_AMT2   0.859778   0.831594  0.280365  0.100851  0.150718  0.147398   \n",
       "BILL_AMT3   0.883910   0.853320  0.244335  0.316936  0.130011  0.143405   \n",
       "BILL_AMT4   0.940134   0.900941  0.233012  0.207564  0.300023  0.130191   \n",
       "BILL_AMT5   1.000000   0.946197  0.217031  0.181246  0.252305  0.293118   \n",
       "BILL_AMT6   0.946197   1.000000  0.199965  0.172663  0.233770  0.250237   \n",
       "PAY_AMT1    0.217031   0.199965  1.000000  0.285576  0.252191  0.199558   \n",
       "PAY_AMT2    0.181246   0.172663  0.285576  1.000000  0.244770  0.180107   \n",
       "PAY_AMT3    0.252305   0.233770  0.252191  0.244770  1.000000  0.216325   \n",
       "PAY_AMT4    0.293118   0.250237  0.199558  0.180107  0.216325  1.000000   \n",
       "PAY_AMT5    0.141574   0.307729  0.148459  0.180908  0.159214  0.151830   \n",
       "PAY_AMT6    0.164184   0.115494  0.185735  0.157634  0.162740  0.157834   \n",
       "\n",
       "           PAY_AMT5  PAY_AMT6  \n",
       "LIMIT_BAL  0.217202  0.219595  \n",
       "SEX       -0.001667 -0.002766  \n",
       "EDUCATION -0.040358 -0.037200  \n",
       "MARRIAGE  -0.001205 -0.006641  \n",
       "AGE        0.022850  0.019478  \n",
       "PAY_1     -0.058190 -0.058673  \n",
       "PAY_2     -0.037093 -0.036500  \n",
       "PAY_3     -0.035863 -0.035861  \n",
       "PAY_4     -0.033590 -0.026565  \n",
       "PAY_5     -0.033337 -0.023027  \n",
       "PAY_6     -0.046434 -0.025299  \n",
       "BILL_AMT1  0.167026  0.179341  \n",
       "BILL_AMT2  0.157957  0.174256  \n",
       "BILL_AMT3  0.179712  0.182326  \n",
       "BILL_AMT4  0.160433  0.177637  \n",
       "BILL_AMT5  0.141574  0.164184  \n",
       "BILL_AMT6  0.307729  0.115494  \n",
       "PAY_AMT1   0.148459  0.185735  \n",
       "PAY_AMT2   0.180908  0.157634  \n",
       "PAY_AMT3   0.159214  0.162740  \n",
       "PAY_AMT4   0.151830  0.157834  \n",
       "PAY_AMT5   1.000000  0.154896  \n",
       "PAY_AMT6   0.154896  1.000000  \n",
       "\n",
       "[23 rows x 23 columns]"
      ]
     },
     "execution_count": 16,
     "metadata": {},
     "output_type": "execute_result"
    }
   ],
   "source": [
    "corr = X_features.corr()\n",
    "corr"
   ]
  },
  {
   "cell_type": "code",
   "execution_count": 17,
   "id": "f54e9895-07b5-4d96-ab96-5beab74aec23",
   "metadata": {
    "collapsed": true,
    "jupyter": {
     "outputs_hidden": true
    },
    "tags": []
   },
   "outputs": [
    {
     "name": "stderr",
     "output_type": "stream",
     "text": [
      "C:\\Users\\user\\anaconda3\\lib\\site-packages\\matplotlib\\backends\\backend_agg.py:240: RuntimeWarning: Glyph 8722 missing from current font.\n",
      "  font.set_text(s, 0.0, flags=flags)\n",
      "C:\\Users\\user\\anaconda3\\lib\\site-packages\\matplotlib\\backends\\backend_agg.py:203: RuntimeWarning: Glyph 8722 missing from current font.\n",
      "  font.set_text(s, 0, flags=flags)\n"
     ]
    },
    {
     "data": {
      "text/plain": [
       "<AxesSubplot:>"
      ]
     },
     "execution_count": 17,
     "metadata": {},
     "output_type": "execute_result"
    },
    {
     "data": {
